timestamps:
  login: 1337017183264
  lastteleport: 1337018654911
  logout: 1337017050961
ipAddress: 31.37.179.180
lastlocation:
  world: world
  x: 86.34654531168891
  y: 83.0
  z: 320.7501208110311
  yaw: -68.543915
  pitch: 8.52381
afk: false
money: 30391.0
godmode: false
